service_id,monday,tuesday,wednesday,thursday,friday,saturday,sunday,start_date,end_date
10,0,0,0,0,0,0,0,20221110,20230610
1004,0,0,0,0,0,0,0,20221110,20230610
101,0,0,0,0,0,0,0,20221110,20230610
1012,0,0,0,0,0,0,0,20221110,20230610
1045,0,0,0,0,0,0,0,20221110,20230610
108,0,0,0,0,0,0,0,20221110,20230610
109,0,0,0,0,0,0,0,20221110,20230610
11,0,0,0,0,0,0,0,20221110,20230610
110,0,0,0,0,0,0,0,20221110,20230610
111,0,0,0,0,0,0,0,20221110,20230610
112,0,0,0,0,0,0,0,20221110,20230610
113,0,0,0,0,0,0,0,20221110,20230610
1150,0,0,0,0,0,0,0,20221110,20230610
1154,0,0,0,0,0,0,0,20221110,20230610
1183,0,0,0,0,0,0,0,20221110,20230610
1194,0,0,0,0,0,0,0,20221110,20230610
12,0,0,0,0,0,0,0,20221110,20230610
1218,1,1,1,1,1,1,1,20221110,20230610
1229,1,1,1,1,1,0,1,20221110,20230610
1243,0,0,0,0,0,0,0,20221110,20230610
1251,0,0,0,0,0,0,0,20221110,20230610
1256,0,0,0,0,0,0,0,20221110,20230610
1283,0,0,0,0,0,0,0,20221110,20230610
132,0,0,0,0,0,0,0,20221110,20230610
1335,0,0,0,0,0,0,0,20221110,20230610
1434,0,0,0,0,0,0,0,20221110,20230610
146,0,0,0,0,0,0,0,20221110,20230610
160,0,0,0,0,0,0,0,20221110,20230610
161,1,1,1,1,1,1,0,20221110,20230610
162,1,1,1,1,1,0,1,20221110,20230610
163,1,1,1,1,1,1,1,20221110,20230610
1636,0,0,0,0,1,0,0,20221110,20230610
164,0,0,0,0,0,0,0,20221110,20230610
1683,0,0,0,0,1,0,0,20221110,20230610
169,1,1,1,1,1,1,0,20221110,20230610
1914,0,0,0,0,0,1,0,20221110,20230610
1977,0,0,0,0,0,0,0,20221110,20230610
2,0,0,0,0,0,1,0,20221110,20230610
208,0,0,0,0,0,0,0,20221110,20230610
209,0,0,0,0,0,0,0,20221110,20230610
210,0,0,0,0,0,0,0,20221110,20230610
211,0,0,0,0,0,0,0,20221110,20230610
2115,0,0,0,0,0,0,1,20221110,20230610
2117,1,1,1,1,1,1,0,20221110,20230610
2118,0,0,0,0,1,1,0,20221110,20230610
2119,1,1,1,1,0,0,0,20221110,20230610
212,0,0,0,0,0,0,0,20221110,20230610
213,0,0,0,0,0,0,0,20221110,20230610
2134,1,1,1,1,0,0,1,20221110,20230610
214,0,0,0,0,0,0,0,20221110,20230610
2141,1,1,1,1,1,0,0,20221110,20230610
2142,0,0,0,0,0,0,0,20221110,20230610
2148,0,0,0,0,0,0,0,20221110,20230610
2149,0,0,0,0,0,0,0,20221110,20230610
215,0,0,0,0,0,0,0,20221110,20230610
2150,0,0,0,0,0,0,0,20221110,20230610
2151,0,0,0,0,0,0,0,20221110,20230610
2155,0,0,0,0,0,1,1,20221110,20230610
216,0,0,0,0,0,0,0,20221110,20230610
217,0,0,0,0,0,0,0,20221110,20230610
2172,1,1,1,1,1,1,0,20221110,20230610
2173,0,0,0,0,0,0,1,20221110,20230610
2174,0,0,0,0,0,1,1,20221110,20230610
2175,1,1,1,1,1,1,0,20221110,20230610
2176,0,0,0,0,0,1,0,20221110,20230610
2177,1,1,1,1,0,0,1,20221110,20230610
2178,0,0,0,0,1,1,0,20221110,20230610
2179,1,1,1,1,0,0,0,20221110,20230610
218,0,0,0,0,0,0,0,20221110,20230610
2180,0,0,0,0,0,1,1,20221110,20230610
2181,1,1,1,1,1,1,1,20221110,20230610
2182,1,1,1,1,1,1,0,20221110,20230610
2183,1,1,1,1,1,0,0,20221110,20230610
2184,1,1,1,1,1,1,1,20221110,20230610
2185,1,1,1,1,1,1,1,20221110,20230610
2186,1,1,1,1,1,1,1,20221110,20230610
2187,1,1,1,1,1,1,1,20221110,20230610
2188,0,0,0,0,0,0,0,20221110,20230610
2189,1,1,1,1,1,0,0,20221110,20230610
219,0,0,0,0,0,0,0,20221110,20230610
2190,0,0,0,0,0,1,1,20221110,20230610
2191,0,0,0,0,0,1,0,20221110,20230610
2192,1,1,1,1,1,0,1,20221110,20230610
2193,1,1,1,1,1,0,0,20221110,20230610
2206,1,1,1,1,0,1,1,20221110,20230610
2207,0,0,0,0,1,1,1,20221110,20230610
2208,1,1,1,1,1,0,0,20221110,20230610
2209,0,0,0,0,0,0,1,20221110,20230610
221,0,0,0,0,0,0,0,20221110,20230610
2210,1,1,1,1,1,1,0,20221110,20230610
2211,0,0,0,0,0,0,0,20221110,20230610
2212,0,0,0,0,0,1,0,20221110,20230610
2213,0,0,0,0,0,0,1,20221110,20230610
2214,0,0,0,0,0,1,1,20221110,20230610
2215,1,1,1,1,1,1,1,20221110,20230610
2216,1,1,1,1,1,0,0,20221110,20230610
2217,0,0,0,0,0,0,0,20221110,20230610
2218,0,0,0,0,0,0,0,20221110,20230610
2219,0,0,0,0,0,0,0,20221110,20230610
2220,0,0,0,0,0,0,0,20221110,20230610
2221,1,1,1,1,1,0,0,20221110,20230610
2222,0,0,0,0,0,0,1,20221110,20230610
2223,1,1,1,1,0,0,1,20221110,20230610
2224,0,0,0,0,0,0,0,20221110,20230610
2225,1,1,1,1,1,0,0,20221110,20230610
2226,0,0,0,0,0,1,1,20221110,20230610
2227,1,1,1,1,1,1,0,20221110,20230610
2228,0,0,0,0,0,0,1,20221110,20230610
2229,0,0,0,0,0,1,0,20221110,20230610
223,0,0,0,0,0,0,0,20221110,20230610
2230,1,1,1,1,1,0,0,20221110,20230610
2231,0,0,0,0,0,1,1,20221110,20230610
2232,1,1,1,1,0,0,1,20221110,20230610
2233,1,1,1,1,0,0,1,20221110,20230610
2234,1,1,1,1,0,0,1,20221110,20230610
2235,1,1,1,1,1,1,1,20221110,20230610
2236,0,0,0,0,1,1,0,20221110,20230610
2237,0,0,0,0,0,0,0,20221110,20230610
2238,1,1,1,1,1,0,0,20221110,20230610
2239,0,0,0,0,0,1,1,20221110,20230610
224,1,1,1,1,1,0,0,20221110,20230610
2240,1,1,1,1,1,1,1,20221110,20230610
2241,0,0,0,0,1,1,0,20221110,20230610
2242,0,0,0,0,0,0,0,20221110,20230610
2243,0,0,0,0,0,0,0,20221110,20230610
2244,0,0,0,0,0,0,0,20221110,20230610
2245,1,1,1,1,1,0,0,20221110,20230610
2246,1,1,1,1,0,0,0,20221110,20230610
2247,0,0,0,0,1,1,1,20221110,20230610
2248,1,1,1,1,1,1,1,20221110,20230610
2249,0,0,0,0,1,1,0,20221110,20230610
225,1,1,1,1,1,0,0,20221110,20230610
2250,1,1,1,1,1,0,0,20221110,20230610
2251,1,1,1,1,0,0,1,20221110,20230610
2252,0,0,0,0,0,1,1,20221110,20230610
2253,0,0,0,0,0,0,0,20221110,20230610
2254,0,0,0,0,0,0,0,20221110,20230610
2255,1,1,1,1,1,1,0,20221110,20230610
2256,0,0,0,0,0,0,1,20221110,20230610
2257,0,0,0,0,0,1,0,20221110,20230610
2258,1,1,1,1,0,0,1,20221110,20230610
2259,1,1,1,1,1,1,1,20221110,20230610
226,0,0,0,0,0,1,0,20221110,20230610
2260,0,0,0,0,0,0,0,20221110,20230610
2261,0,0,0,0,0,0,0,20221110,20230610
2262,0,0,0,0,0,0,0,20221110,20230610
2263,0,0,0,0,0,0,0,20221110,20230610
2264,1,1,1,1,1,0,0,20221110,20230610
2265,1,1,1,1,0,0,0,20221110,20230610
2266,0,0,0,0,0,0,0,20221110,20230610
2267,0,0,0,0,0,1,0,20221110,20230610
2268,0,0,0,0,0,0,0,20221110,20230610
2269,1,1,1,1,1,1,1,20221110,20230610
227,0,0,0,0,0,1,1,20221110,20230610
2270,1,1,1,1,0,1,1,20221110,20230610
2271,1,1,1,1,1,1,1,20221110,20230610
2272,0,0,0,0,0,1,1,20221110,20230610
2273,1,1,1,1,1,0,0,20221110,20230610
2274,0,0,0,0,0,1,1,20221110,20230610
2275,1,1,1,1,1,0,0,20221110,20230610
2276,1,1,1,1,1,1,1,20221110,20230610
2277,0,0,0,0,1,1,1,20221110,20230610
2278,0,0,0,0,1,1,0,20221110,20230610
2279,1,1,1,1,1,1,0,20221110,20230610
228,0,0,0,0,0,0,0,20221110,20230610
2280,1,1,1,1,0,1,1,20221110,20230610
2281,0,0,0,0,1,1,1,20221110,20230610
2282,0,0,0,0,0,0,1,20221110,20230610
2283,0,0,0,0,0,0,0,20221110,20230610
2284,1,1,1,1,0,0,0,20221110,20230610
2285,0,0,0,0,0,0,0,20221110,20230610
2286,0,0,0,0,0,0,0,20221110,20230610
2287,0,0,0,0,0,0,0,20221110,20230610
229,0,0,0,0,0,1,1,20221110,20230610
2298,1,1,1,1,1,0,0,20221110,20230610
23,0,0,0,0,0,0,0,20221110,20230610
230,0,0,0,0,0,0,1,20221110,20230610
231,1,1,1,1,1,0,0,20221110,20230610
232,0,0,0,0,0,1,0,20221110,20230610
2320,0,0,0,0,0,0,0,20221110,20230610
2322,0,0,0,0,0,0,0,20221110,20230610
2328,0,0,0,0,0,0,0,20221110,20230610
233,1,1,1,1,1,0,1,20221110,20230610
234,0,0,0,0,0,0,1,20221110,20230610
235,1,1,1,1,1,1,0,20221110,20230610
236,1,1,1,1,1,1,0,20221110,20230610
237,0,0,0,0,0,1,0,20221110,20230610
238,0,0,0,0,0,0,0,20221110,20230610
239,0,0,0,0,0,0,0,20221110,20230610
240,0,0,0,0,0,0,0,20221110,20230610
241,0,0,0,0,0,0,0,20221110,20230610
242,0,0,0,0,0,0,0,20221110,20230610
243,0,0,0,0,0,0,0,20221110,20230610
244,0,0,0,0,0,0,0,20221110,20230610
245,0,0,0,0,0,0,0,20221110,20230610
246,0,0,0,0,0,0,0,20221110,20230610
247,0,0,0,0,0,1,1,20221110,20230610
248,0,0,0,0,0,0,0,20221110,20230610
249,0,0,0,0,0,0,0,20221110,20230610
250,0,0,0,0,0,0,0,20221110,20230610
251,0,0,0,0,0,1,0,20221110,20230610
252,0,0,0,0,0,0,0,20221110,20230610
253,0,0,0,0,0,0,0,20221110,20230610
254,0,0,0,0,0,0,0,20221110,20230610
255,0,0,0,0,0,0,0,20221110,20230610
256,0,0,0,0,0,1,0,20221110,20230610
257,0,0,0,0,0,0,1,20221110,20230610
258,0,0,0,0,0,0,0,20221110,20230610
259,0,0,0,0,0,0,0,20221110,20230610
260,0,0,0,0,0,0,0,20221110,20230610
261,0,0,0,0,0,1,1,20221110,20230610
262,0,0,0,0,0,1,0,20221110,20230610
263,0,0,0,0,0,0,0,20221110,20230610
264,0,0,0,0,0,0,0,20221110,20230610
265,0,0,0,0,0,0,0,20221110,20230610
266,0,0,0,0,0,1,0,20221110,20230610
267,0,0,0,0,0,0,0,20221110,20230610
268,1,1,1,1,1,0,1,20221110,20230610
269,0,0,0,0,0,1,0,20221110,20230610
270,0,0,0,0,0,0,0,20221110,20230610
271,1,1,1,1,1,0,1,20221110,20230610
272,0,0,0,0,0,0,1,20221110,20230610
273,1,1,1,1,1,0,0,20221110,20230610
274,0,0,0,0,0,0,0,20221110,20230610
275,0,0,0,0,0,0,0,20221110,20230610
276,0,0,0,0,0,0,0,20221110,20230610
277,0,0,0,0,0,0,0,20221110,20230610
278,0,0,0,0,0,0,0,20221110,20230610
279,0,0,0,0,0,0,1,20221110,20230610
280,1,1,1,1,1,0,0,20221110,20230610
281,0,0,0,0,0,0,0,20221110,20230610
282,0,0,0,0,0,0,0,20221110,20230610
283,1,1,1,1,0,0,1,20221110,20230610
284,0,0,0,0,0,0,0,20221110,20230610
285,0,0,0,0,0,0,0,20221110,20230610
286,1,1,1,1,0,0,0,20221110,20230610
287,0,0,0,0,1,0,0,20221110,20230610
288,0,0,0,0,0,0,0,20221110,20230610
289,0,0,0,0,0,0,0,20221110,20230610
29,0,0,0,0,1,0,0,20221110,20230610
290,0,0,0,0,0,0,0,20221110,20230610
291,0,0,0,0,0,0,0,20221110,20230610
292,0,0,0,0,0,0,0,20221110,20230610
293,0,0,0,0,0,0,0,20221110,20230610
294,0,0,0,0,0,0,0,20221110,20230610
295,0,0,0,0,0,0,0,20221110,20230610
296,0,0,0,0,0,0,0,20221110,20230610
297,0,0,0,0,0,0,0,20221110,20230610
298,0,0,0,0,0,0,0,20221110,20230610
299,0,0,0,0,0,0,0,20221110,20230610
30,0,0,0,0,0,0,0,20221110,20230610
300,0,0,0,0,0,0,0,20221110,20230610
301,0,0,0,0,0,0,0,20221110,20230610
302,0,0,0,0,0,0,0,20221110,20230610
303,0,0,0,0,0,0,0,20221110,20230610
304,0,0,0,0,0,0,0,20221110,20230610
305,0,0,0,0,0,0,0,20221110,20230610
306,0,0,0,0,0,0,1,20221110,20230610
307,0,0,0,0,0,0,0,20221110,20230610
308,1,1,1,1,1,0,0,20221110,20230610
309,0,0,0,0,0,0,0,20221110,20230610
31,0,0,0,0,0,1,0,20221110,20230610
310,0,0,0,0,0,0,0,20221110,20230610
311,0,0,0,0,0,0,0,20221110,20230610
312,0,0,0,0,0,0,0,20221110,20230610
313,0,0,0,0,0,0,0,20221110,20230610
314,0,0,0,0,0,0,0,20221110,20230610
317,0,0,0,0,0,0,0,20221110,20230610
319,1,1,1,1,1,0,1,20221110,20230610
320,0,0,0,0,0,0,0,20221110,20230610
321,0,0,0,0,0,0,0,20221110,20230610
322,1,1,1,1,1,0,0,20221110,20230610
323,0,0,0,0,0,0,0,20221110,20230610
324,0,0,0,0,0,0,0,20221110,20230610
325,0,0,0,0,0,0,0,20221110,20230610
326,0,0,0,0,0,0,0,20221110,20230610
327,0,0,0,0,1,1,0,20221110,20230610
328,0,0,0,0,0,1,1,20221110,20230610
329,0,0,0,0,0,0,1,20221110,20230610
33,0,0,0,0,0,0,0,20221110,20230610
330,0,0,0,0,0,0,1,20221110,20230610
331,0,0,0,0,0,0,0,20221110,20230610
332,0,0,0,0,0,1,0,20221110,20230610
333,0,0,0,0,0,1,0,20221110,20230610
334,0,0,0,0,0,0,0,20221110,20230610
335,0,0,0,0,0,0,1,20221110,20230610
336,0,0,0,0,0,0,0,20221110,20230610
337,1,1,1,1,1,1,1,20221110,20230610
338,1,1,1,1,1,1,1,20221110,20230610
339,1,1,1,1,0,0,1,20221110,20230610
34,0,0,0,0,0,0,0,20221110,20230610
340,0,0,0,0,1,1,0,20221110,20230610
341,1,1,1,1,1,0,0,20221110,20230610
342,0,0,0,0,0,0,0,20221110,20230610
343,0,0,0,0,0,0,0,20221110,20230610
344,0,0,0,0,0,0,0,20221110,20230610
345,0,0,0,0,0,1,0,20221110,20230610
346,0,0,0,0,0,0,0,20221110,20230610
347,0,0,0,0,0,0,0,20221110,20230610
348,0,0,0,0,0,0,0,20221110,20230610
349,0,0,0,0,0,0,0,20221110,20230610
35,0,0,0,0,0,0,0,20221110,20230610
350,0,0,0,0,0,0,0,20221110,20230610
351,0,0,0,0,0,0,0,20221110,20230610
352,0,0,0,0,0,0,0,20221110,20230610
353,0,0,0,0,0,0,0,20221110,20230610
354,0,0,0,0,0,0,0,20221110,20230610
355,0,0,0,0,0,0,0,20221110,20230610
356,0,0,0,0,0,0,0,20221110,20230610
357,0,0,0,0,0,0,0,20221110,20230610
358,0,0,0,0,0,0,0,20221110,20230610
359,0,0,0,0,1,1,0,20221110,20230610
36,0,0,0,0,0,0,0,20221110,20230610
360,0,0,0,0,0,0,0,20221110,20230610
361,0,0,0,0,0,0,0,20221110,20230610
362,0,0,0,0,0,0,0,20221110,20230610
363,0,0,0,0,0,0,0,20221110,20230610
364,0,0,0,0,0,0,0,20221110,20230610
365,0,0,0,0,0,0,0,20221110,20230610
366,0,0,0,0,0,0,0,20221110,20230610
367,0,0,0,0,0,0,0,20221110,20230610
368,0,0,0,0,0,0,0,20221110,20230610
369,1,1,1,1,1,0,0,20221110,20230610
37,0,0,0,0,0,0,1,20221110,20230610
370,1,1,1,1,1,0,0,20221110,20230610
371,1,1,1,1,1,0,1,20221110,20230610
372,1,1,1,1,0,0,1,20221110,20230610
373,0,0,0,0,0,0,0,20221110,20230610
374,0,0,0,0,0,0,0,20221110,20230610
375,0,0,0,0,1,0,0,20221110,20230610
376,0,0,0,0,0,0,1,20221110,20230610
377,0,0,0,0,0,0,0,20221110,20230610
378,0,0,0,0,0,0,0,20221110,20230610
379,0,0,0,0,0,0,0,20221110,20230610
38,0,0,0,0,0,0,0,20221110,20230610
380,0,0,0,0,0,0,0,20221110,20230610
381,0,0,0,0,0,0,0,20221110,20230610
382,0,0,0,0,0,0,0,20221110,20230610
383,0,0,0,0,0,0,0,20221110,20230610
384,0,0,0,0,0,0,0,20221110,20230610
385,0,0,0,0,0,0,0,20221110,20230610
386,0,0,0,0,0,0,0,20221110,20230610
387,0,0,0,0,0,0,0,20221110,20230610
388,0,0,0,0,0,0,0,20221110,20230610
389,0,0,0,0,0,0,0,20221110,20230610
39,1,1,1,1,1,1,1,20221110,20230610
390,0,0,0,0,0,0,0,20221110,20230610
391,0,0,0,0,1,0,0,20221110,20230610
392,0,0,0,0,0,0,0,20221110,20230610
393,0,0,0,0,0,0,0,20221110,20230610
394,0,0,0,0,0,0,0,20221110,20230610
395,0,0,0,0,0,0,0,20221110,20230610
396,0,0,0,0,0,0,0,20221110,20230610
397,1,1,1,1,1,0,0,20221110,20230610
398,0,0,0,0,0,0,0,20221110,20230610
399,0,0,0,0,0,0,0,20221110,20230610
400,0,0,0,0,0,0,0,20221110,20230610
401,0,0,0,0,0,0,0,20221110,20230610
402,0,0,0,0,0,0,0,20221110,20230610
403,0,0,0,0,0,0,0,20221110,20230610
404,0,0,0,0,0,0,0,20221110,20230610
405,0,0,0,0,0,0,0,20221110,20230610
406,0,0,0,0,0,0,0,20221110,20230610
407,0,0,0,0,0,0,0,20221110,20230610
408,0,0,0,0,0,0,0,20221110,20230610
409,0,0,0,0,0,0,0,20221110,20230610
410,0,0,0,0,0,0,0,20221110,20230610
411,0,0,0,0,0,0,0,20221110,20230610
412,0,0,0,0,0,0,0,20221110,20230610
413,0,0,0,0,0,0,0,20221110,20230610
414,0,0,0,0,0,0,0,20221110,20230610
415,0,0,0,0,0,0,0,20221110,20230610
416,0,0,0,0,0,0,0,20221110,20230610
417,0,0,0,0,0,0,0,20221110,20230610
418,0,0,0,0,0,0,0,20221110,20230610
419,0,0,0,0,0,0,0,20221110,20230610
420,0,0,0,0,0,0,0,20221110,20230610
421,0,0,0,0,0,0,0,20221110,20230610
422,0,0,0,0,0,0,0,20221110,20230610
423,0,0,0,0,0,0,0,20221110,20230610
424,1,1,1,1,1,0,0,20221110,20230610
425,0,0,0,0,0,0,0,20221110,20230610
426,1,1,1,1,1,0,0,20221110,20230610
427,0,0,0,0,0,0,0,20221110,20230610
428,1,1,1,1,1,0,0,20221110,20230610
429,0,0,0,0,0,0,0,20221110,20230610
430,0,0,0,0,0,0,0,20221110,20230610
431,1,1,1,1,1,1,0,20221110,20230610
432,1,1,1,1,1,1,1,20221110,20230610
433,1,1,1,1,1,1,1,20221110,20230610
434,1,1,1,1,1,1,1,20221110,20230610
435,1,1,1,1,1,1,1,20221110,20230610
436,1,1,1,1,1,1,1,20221110,20230610
437,0,0,0,0,0,0,0,20221110,20230610
438,0,0,0,0,0,0,0,20221110,20230610
439,0,0,0,0,0,0,0,20221110,20230610
440,0,0,0,0,0,0,0,20221110,20230610
441,0,0,0,0,0,1,0,20221110,20230610
442,0,0,0,0,0,1,0,20221110,20230610
443,0,0,0,0,0,0,1,20221110,20230610
444,0,0,0,0,0,0,1,20221110,20230610
445,0,0,0,0,0,0,0,20221110,20230610
446,1,1,1,1,1,1,1,20221110,20230610
447,1,1,1,1,1,1,1,20221110,20230610
448,0,0,0,0,0,0,0,20221110,20230610
449,1,1,1,1,1,1,1,20221110,20230610
450,1,1,1,1,0,0,1,20221110,20230610
451,0,0,0,0,1,1,0,20221110,20230610
452,1,1,1,1,0,0,1,20221110,20230610
453,1,1,1,1,0,0,1,20221110,20230610
454,1,1,1,1,0,0,1,20221110,20230610
455,1,1,1,1,0,0,1,20221110,20230610
456,0,0,0,0,1,1,0,20221110,20230610
457,0,0,0,0,0,0,0,20221110,20230610
458,0,0,0,0,0,0,0,20221110,20230610
459,0,0,0,0,0,0,0,20221110,20230610
460,0,0,0,0,0,0,0,20221110,20230610
461,0,0,0,0,0,0,0,20221110,20230610
462,0,0,0,0,0,0,0,20221110,20230610
463,0,0,0,0,0,0,0,20221110,20230610
464,0,0,0,0,0,0,0,20221110,20230610
465,1,1,1,1,0,0,1,20221110,20230610
466,0,0,0,0,0,0,0,20221110,20230610
467,0,0,0,0,0,0,0,20221110,20230610
468,0,0,0,0,0,0,0,20221110,20230610
469,0,0,0,0,0,0,0,20221110,20230610
470,0,0,0,0,0,0,0,20221110,20230610
471,0,0,0,0,0,0,0,20221110,20230610
472,0,0,0,0,0,0,0,20221110,20230610
473,0,0,0,0,0,0,0,20221110,20230610
474,0,0,0,0,0,0,0,20221110,20230610
475,0,0,0,0,0,0,1,20221110,20230610
476,0,0,0,0,0,0,0,20221110,20230610
477,0,0,0,0,0,0,1,20221110,20230610
478,0,0,0,0,0,0,0,20221110,20230610
479,0,0,0,0,0,0,0,20221110,20230610
48,1,1,1,1,1,0,0,20221110,20230610
480,1,1,1,1,0,0,1,20221110,20230610
481,0,0,0,0,1,0,1,20221110,20230610
482,0,0,0,0,0,0,0,20221110,20230610
483,0,0,0,0,0,0,0,20221110,20230610
484,0,0,0,0,0,0,0,20221110,20230610
485,0,0,0,0,0,0,0,20221110,20230610
486,0,0,0,0,0,0,0,20221110,20230610
487,0,0,0,0,0,0,0,20221110,20230610
488,0,0,0,0,0,0,0,20221110,20230610
489,0,0,0,0,0,0,0,20221110,20230610
490,0,0,0,0,0,0,0,20221110,20230610
491,0,0,0,0,0,0,0,20221110,20230610
492,0,0,0,0,0,0,0,20221110,20230610
493,0,0,0,0,0,0,0,20221110,20230610
494,0,0,0,0,0,0,0,20221110,20230610
495,0,0,0,0,0,0,0,20221110,20230610
496,0,0,0,0,0,0,0,20221110,20230610
497,0,0,0,0,0,0,0,20221110,20230610
498,0,0,0,0,0,0,0,20221110,20230610
499,0,0,0,0,0,0,0,20221110,20230610
5,0,0,0,0,0,0,1,20221110,20230610
500,0,0,0,0,0,0,1,20221110,20230610
501,1,1,1,1,0,0,0,20221110,20230610
502,0,0,0,0,1,0,0,20221110,20230610
503,0,0,0,0,0,0,0,20221110,20230610
504,0,0,0,0,0,0,0,20221110,20230610
505,0,0,0,0,0,0,0,20221110,20230610
506,0,0,0,0,0,0,0,20221110,20230610
507,0,0,0,0,0,0,0,20221110,20230610
508,0,0,0,0,0,0,0,20221110,20230610
509,0,0,0,0,0,0,0,20221110,20230610
510,0,0,0,0,0,0,0,20221110,20230610
511,0,0,0,0,0,0,0,20221110,20230610
512,0,0,0,0,0,0,0,20221110,20230610
513,0,0,0,0,0,0,0,20221110,20230610
514,0,0,0,0,0,0,0,20221110,20230610
515,0,0,0,0,0,0,0,20221110,20230610
516,0,0,0,0,0,0,0,20221110,20230610
517,0,0,0,0,0,0,0,20221110,20230610
518,1,1,1,1,1,0,0,20221110,20230610
519,1,1,1,1,1,1,0,20221110,20230610
520,1,1,1,1,1,1,1,20221110,20230610
521,1,1,1,1,1,1,1,20221110,20230610
522,0,0,0,0,0,1,0,20221110,20230610
523,0,0,0,0,0,0,1,20221110,20230610
524,1,1,1,1,1,0,0,20221110,20230610
525,1,1,1,1,1,0,0,20221110,20230610
526,0,0,0,0,0,0,0,20221110,20230610
527,1,1,1,1,1,1,0,20221110,20230610
528,1,1,1,1,1,0,0,20221110,20230610
529,1,1,1,1,1,1,0,20221110,20230610
530,0,0,0,0,0,0,1,20221110,20230610
531,1,1,1,1,1,1,1,20221110,20230610
532,1,1,1,1,1,1,1,20221110,20230610
533,0,0,0,0,0,0,0,20221110,20230610
534,1,1,1,1,1,1,1,20221110,20230610
535,1,1,1,1,0,0,1,20221110,20230610
536,0,0,0,0,1,1,0,20221110,20230610
537,0,0,0,0,0,1,1,20221110,20230610
538,1,1,1,1,1,1,1,20221110,20230610
539,0,0,0,0,0,0,0,20221110,20230610
540,0,0,0,0,0,1,0,20221110,20230610
541,0,0,0,0,0,1,0,20221110,20230610
542,1,1,1,1,0,0,1,20221110,20230610
543,1,1,1,1,1,0,0,20221110,20230610
544,1,1,1,1,1,1,0,20221110,20230610
545,0,0,0,0,0,0,1,20221110,20230610
546,1,1,1,1,1,1,1,20221110,20230610
547,1,1,1,1,1,1,1,20221110,20230610
548,1,1,1,1,1,1,1,20221110,20230610
549,1,1,1,1,1,1,1,20221110,20230610
550,1,1,1,1,1,1,1,20221110,20230610
551,1,1,1,1,1,1,1,20221110,20230610
552,0,0,0,0,0,0,1,20221110,20230610
553,1,1,1,1,1,1,0,20221110,20230610
554,1,1,1,1,1,1,0,20221110,20230610
555,1,1,1,1,1,1,0,20221110,20230610
556,0,0,0,0,0,0,0,20221110,20230610
557,1,1,1,1,1,1,0,20221110,20230610
558,1,1,1,1,1,1,0,20221110,20230610
559,1,1,1,1,1,1,1,20221110,20230610
560,1,1,1,1,1,1,1,20221110,20230610
561,1,1,1,1,1,1,1,20221110,20230610
562,1,1,1,1,1,1,1,20221110,20230610
563,0,0,0,0,0,0,0,20221110,20230610
564,1,1,1,1,1,1,0,20221110,20230610
565,0,0,0,0,0,0,0,20221110,20230610
566,0,0,0,0,0,0,0,20221110,20230610
567,1,1,1,1,1,1,0,20221110,20230610
568,1,1,1,1,1,1,0,20221110,20230610
569,1,1,1,1,1,1,0,20221110,20230610
570,0,0,0,0,0,1,0,20221110,20230610
571,0,0,0,0,0,1,0,20221110,20230610
572,1,1,1,1,1,0,1,20221110,20230610
573,1,1,1,1,1,1,0,20221110,20230610
574,0,0,0,0,0,0,1,20221110,20230610
575,1,1,1,1,1,1,1,20221110,20230610
576,1,1,1,1,1,1,1,20221110,20230610
577,1,1,1,1,1,1,1,20221110,20230610
578,1,1,1,1,1,1,1,20221110,20230610
579,1,1,1,1,1,1,1,20221110,20230610
580,1,1,1,1,1,1,1,20221110,20230610
581,1,1,1,1,1,0,1,20221110,20230610
582,0,0,0,0,0,0,0,20221110,20230610
583,1,1,1,1,1,0,1,20221110,20230610
584,1,1,1,1,1,1,1,20221110,20230610
585,0,0,0,0,0,0,1,20221110,20230610
586,1,1,1,1,1,0,0,20221110,20230610
587,1,1,1,1,1,1,1,20221110,20230610
588,1,1,1,1,1,0,1,20221110,20230610
589,1,1,1,1,1,0,1,20221110,20230610
590,0,0,0,0,0,0,0,20221110,20230610
591,0,0,0,0,0,0,0,20221110,20230610
592,0,0,0,0,0,0,0,20221110,20230610
593,0,0,0,0,0,0,0,20221110,20230610
594,0,0,0,0,0,0,1,20221110,20230610
595,0,1,0,0,0,0,0,20221110,20230610
596,0,0,0,0,0,0,0,20221110,20230610
597,0,0,0,0,0,0,0,20221110,20230610
598,0,0,0,0,0,0,0,20221110,20230610
599,0,0,0,0,0,0,0,20221110,20230610
6,0,0,0,0,0,0,0,20221110,20230610
600,0,0,0,0,0,0,0,20221110,20230610
601,0,0,0,0,0,0,0,20221110,20230610
602,0,0,0,0,0,0,0,20221110,20230610
603,1,1,1,1,1,0,0,20221110,20230610
604,0,0,0,0,0,1,0,20221110,20230610
605,0,0,0,0,0,0,0,20221110,20230610
606,1,1,1,1,1,1,0,20221110,20230610
607,1,1,1,1,1,1,1,20221110,20230610
608,1,1,1,1,1,1,1,20221110,20230610
609,1,1,1,1,1,1,1,20221110,20230610
610,1,1,1,1,1,1,1,20221110,20230610
611,1,1,1,1,1,1,1,20221110,20230610
612,1,1,1,1,1,1,1,20221110,20230610
613,1,1,1,1,1,1,1,20221110,20230610
614,1,1,1,1,1,1,1,20221110,20230610
615,1,1,1,1,1,1,1,20221110,20230610
616,1,1,1,1,1,0,1,20221110,20230610
617,1,1,1,1,1,1,1,20221110,20230610
618,1,1,1,1,1,1,1,20221110,20230610
619,1,1,1,1,0,0,1,20221110,20230610
620,0,0,0,0,1,1,0,20221110,20230610
621,0,0,0,0,1,0,0,20221110,20230610
622,0,0,0,0,0,0,0,20221110,20230610
623,0,0,0,0,0,0,0,20221110,20230610
624,0,0,0,0,1,0,0,20221110,20230610
625,0,0,0,0,1,0,0,20221110,20230610
626,0,0,0,0,1,1,0,20221110,20230610
627,0,0,0,0,0,1,1,20221110,20230610
628,0,0,0,0,0,0,1,20221110,20230610
629,0,0,0,0,1,1,0,20221110,20230610
630,0,0,0,0,0,1,1,20221110,20230610
631,0,0,0,0,0,0,1,20221110,20230610
632,0,0,0,0,0,0,0,20221110,20230610
633,1,1,1,1,1,1,1,20221110,20230610
634,1,1,1,1,1,1,1,20221110,20230610
635,0,0,0,0,0,0,0,20221110,20230610
636,0,0,0,0,1,1,0,20221110,20230610
637,1,1,1,1,0,0,1,20221110,20230610
638,0,0,0,0,0,0,0,20221110,20230610
639,1,1,1,1,1,1,1,20221110,20230610
640,0,0,0,0,1,1,0,20221110,20230610
641,1,1,1,1,0,0,1,20221110,20230610
642,1,1,1,1,1,1,1,20221110,20230610
643,1,1,1,1,1,0,0,20221110,20230610
644,0,0,0,0,0,0,1,20221110,20230610
645,0,0,0,0,0,1,1,20221110,20230610
646,0,0,0,0,0,1,0,20221110,20230610
647,1,1,1,1,1,1,1,20221110,20230610
648,0,0,0,0,0,1,1,20221110,20230610
649,1,1,1,1,1,1,1,20221110,20230610
650,0,0,0,0,0,1,1,20221110,20230610
651,0,0,0,0,0,1,1,20221110,20230610
652,0,0,0,0,0,1,1,20221110,20230610
653,0,0,0,0,0,1,1,20221110,20230610
654,0,0,0,0,0,1,0,20221110,20230610
655,0,0,0,0,1,0,0,20221110,20230610
656,0,0,0,0,0,0,1,20221110,20230610
657,1,1,1,1,0,0,0,20221110,20230610
658,0,0,0,0,0,1,1,20221110,20230610
659,1,1,1,1,1,1,1,20221110,20230610
660,0,0,0,0,0,1,1,20221110,20230610
661,1,1,1,1,1,0,0,20221110,20230610
662,0,0,0,0,0,1,1,20221110,20230610
663,1,1,1,1,1,1,1,20221110,20230610
664,1,1,1,1,1,1,1,20221110,20230610
665,1,1,1,1,1,0,0,20221110,20230610
666,1,1,1,1,1,1,1,20221110,20230610
667,1,1,1,1,1,1,1,20221110,20230610
668,0,0,0,0,0,0,0,20221110,20230610
669,1,1,1,1,0,0,1,20221110,20230610
670,0,0,0,0,0,0,0,20221110,20230610
671,0,0,0,0,0,0,1,20221110,20230610
672,1,1,1,1,1,1,0,20221110,20230610
673,1,1,1,1,1,0,1,20221110,20230610
674,1,1,1,1,1,1,1,20221110,20230610
675,1,1,1,1,1,1,1,20221110,20230610
676,1,1,1,1,1,1,1,20221110,20230610
677,1,1,1,1,1,0,0,20221110,20230610
678,1,1,1,1,1,1,1,20221110,20230610
679,1,1,1,1,1,1,1,20221110,20230610
680,1,1,1,1,1,1,1,20221110,20230610
681,0,0,0,0,0,0,0,20221110,20230610
682,0,0,0,0,0,0,0,20221110,20230610
683,0,0,0,0,0,0,0,20221110,20230610
684,0,0,0,0,1,1,0,20221110,20230610
685,0,0,0,0,0,0,0,20221110,20230610
686,0,0,0,0,1,1,0,20221110,20230610
687,0,0,0,0,0,1,0,20221110,20230610
688,1,1,1,1,1,0,0,20221110,20230610
689,1,1,1,1,1,1,0,20221110,20230610
690,1,1,1,1,1,1,0,20221110,20230610
691,1,1,1,1,1,1,1,20221110,20230610
692,1,1,1,1,1,1,1,20221110,20230610
693,1,1,1,1,1,1,1,20221110,20230610
694,1,1,1,1,1,1,1,20221110,20230610
695,1,1,1,1,1,1,1,20221110,20230610
696,1,1,1,1,1,1,1,20221110,20230610
697,1,1,1,1,0,0,1,20221110,20230610
698,0,0,0,0,1,1,0,20221110,20230610
699,1,1,1,1,1,1,1,20221110,20230610
700,0,0,0,0,0,0,1,20221110,20230610
701,0,0,0,0,0,0,0,20221110,20230610
702,0,0,0,0,0,0,0,20221110,20230610
703,0,0,0,0,0,0,0,20221110,20230610
704,1,1,1,1,0,0,0,20221110,20230610
705,0,0,0,0,0,0,1,20221110,20230610
706,0,0,0,0,0,0,0,20221110,20230610
707,0,0,0,0,0,0,0,20221110,20230610
708,0,0,0,0,0,0,1,20221110,20230610
709,0,0,0,0,0,0,0,20221110,20230610
710,0,0,0,0,0,0,0,20221110,20230610
711,0,0,0,0,0,0,0,20221110,20230610
712,0,0,0,0,0,0,0,20221110,20230610
713,0,0,0,0,0,0,0,20221110,20230610
714,0,0,0,0,0,0,0,20221110,20230610
715,0,0,0,0,0,0,0,20221110,20230610
716,0,0,0,0,0,0,0,20221110,20230610
717,0,0,0,0,1,0,0,20221110,20230610
718,0,0,0,0,0,0,0,20221110,20230610
719,0,0,0,0,0,0,0,20221110,20230610
720,0,0,0,0,0,0,0,20221110,20230610
721,0,0,0,0,0,0,0,20221110,20230610
722,0,0,0,0,0,0,0,20221110,20230610
723,0,0,0,0,0,0,0,20221110,20230610
724,1,1,1,1,1,0,1,20221110,20230610
725,0,0,0,0,0,0,0,20221110,20230610
726,0,0,0,0,0,0,0,20221110,20230610
727,0,0,0,0,0,0,0,20221110,20230610
728,1,1,1,1,1,0,0,20221110,20230610
729,0,0,0,0,0,0,0,20221110,20230610
730,0,0,0,0,0,0,0,20221110,20230610
731,0,0,0,0,0,0,0,20221110,20230610
732,0,0,0,0,0,0,0,20221110,20230610
733,0,0,0,0,0,0,0,20221110,20230610
734,0,0,0,0,0,0,0,20221110,20230610
735,0,0,0,0,0,1,1,20221110,20230610
736,1,1,1,1,1,0,0,20221110,20230610
737,0,0,0,0,0,1,0,20221110,20230610
738,1,1,1,1,1,0,0,20221110,20230610
739,0,0,0,0,0,1,0,20221110,20230610
740,1,1,1,1,1,0,1,20221110,20230610
741,0,0,0,0,0,0,1,20221110,20230610
742,1,1,1,1,1,1,0,20221110,20230610
743,1,1,1,1,1,1,1,20221110,20230610
744,0,0,0,0,0,1,1,20221110,20230610
745,0,0,0,0,0,1,1,20221110,20230610
746,0,0,0,0,0,1,1,20221110,20230610
747,0,0,0,0,0,1,1,20221110,20230610
748,0,0,0,0,1,0,0,20221110,20230610
749,0,0,0,0,0,0,0,20221110,20230610
75,0,0,0,0,0,0,0,20221110,20230610
750,0,1,0,0,1,0,0,20221110,20230610
751,1,1,1,1,1,0,0,20221110,20230610
752,1,1,1,1,1,1,1,20221110,20230610
753,1,1,1,1,1,1,1,20221110,20230610
754,0,0,0,0,0,0,0,20221110,20230610
755,1,1,1,1,0,0,1,20221110,20230610
756,0,0,0,0,0,1,0,20221110,20230610
757,1,1,1,1,1,0,0,20221110,20230610
758,1,1,1,1,1,0,0,20221110,20230610
759,0,0,0,0,0,0,0,20221110,20230610
76,0,0,0,0,0,0,0,20221110,20230610
760,0,1,0,0,1,1,1,20221110,20230610
761,1,1,1,1,1,1,0,20221110,20230610
762,0,0,0,0,0,0,1,20221110,20230610
763,0,0,0,0,1,1,0,20221110,20230610
764,0,0,0,0,0,1,0,20221110,20230610
765,1,1,1,1,1,1,0,20221110,20230610
766,1,1,1,1,1,1,1,20221110,20230610
767,1,1,1,1,1,1,1,20221110,20230610
768,1,1,1,1,0,1,1,20221110,20230610
769,0,0,0,0,0,0,0,20221110,20230610
770,0,0,0,0,1,1,1,20221110,20230610
771,1,1,1,1,1,1,1,20221110,20230610
772,1,1,1,1,1,1,1,20221110,20230610
773,1,1,1,1,1,1,1,20221110,20230610
774,0,0,0,0,0,0,0,20221110,20230610
775,0,0,0,0,0,0,0,20221110,20230610
776,0,0,0,0,0,0,0,20221110,20230610
777,0,0,0,0,0,0,0,20221110,20230610
778,0,0,0,0,1,1,0,20221110,20230610
779,1,1,1,1,0,0,1,20221110,20230610
780,0,0,0,0,0,1,1,20221110,20230610
781,0,0,0,0,0,0,1,20221110,20230610
782,1,1,1,1,1,1,0,20221110,20230610
783,0,0,0,0,0,0,1,20221110,20230610
784,1,1,1,1,1,1,1,20221110,20230610
785,1,1,1,1,1,1,1,20221110,20230610
786,1,1,1,1,1,1,1,20221110,20230610
787,1,1,1,1,1,1,1,20221110,20230610
788,0,0,0,0,0,0,0,20221110,20230610
789,0,0,0,0,1,1,1,20221110,20230610
790,1,1,1,1,1,1,1,20221110,20230610
791,1,1,1,1,1,1,1,20221110,20230610
792,1,1,1,1,0,0,1,20221110,20230610
793,1,1,1,1,0,0,1,20221110,20230610
794,0,0,0,0,1,1,0,20221110,20230610
795,0,0,0,0,0,0,0,20221110,20230610
796,0,0,0,0,0,0,0,20221110,20230610
797,0,0,0,0,1,1,0,20221110,20230610
798,0,0,0,0,0,1,1,20221110,20230610
799,0,0,0,0,0,0,0,20221110,20230610
800,1,1,1,1,1,0,0,20221110,20230610
801,0,0,0,0,0,0,0,20221110,20230610
802,1,1,1,1,1,0,0,20221110,20230610
803,1,1,1,1,1,1,1,20221110,20230610
804,1,1,1,1,1,1,1,20221110,20230610
805,1,1,1,1,0,0,1,20221110,20230610
806,0,0,0,0,1,1,0,20221110,20230610
807,0,0,0,0,1,1,0,20221110,20230610
808,1,1,1,1,0,0,1,20221110,20230610
809,0,0,0,0,0,1,1,20221110,20230610
810,1,1,1,1,1,0,0,20221110,20230610
811,0,0,0,0,0,0,0,20221110,20230610
812,1,1,1,1,1,0,0,20221110,20230610
813,0,0,0,0,0,0,0,20221110,20230610
814,1,1,1,1,1,1,1,20221110,20230610
815,1,1,1,1,1,1,1,20221110,20230610
816,1,1,1,1,1,1,1,20221110,20230610
817,1,1,1,1,1,1,1,20221110,20230610
818,1,1,1,1,0,0,1,20221110,20230610
819,0,0,0,0,1,1,0,20221110,20230610
820,1,1,1,1,1,1,1,20221110,20230610
821,1,1,1,1,0,0,1,20221110,20230610
822,1,1,1,1,0,0,1,20221110,20230610
823,0,0,0,0,0,0,0,20221110,20230610
824,0,0,0,0,1,1,0,20221110,20230610
825,1,1,1,1,0,0,1,20221110,20230610
826,1,1,1,1,0,0,1,20221110,20230610
827,0,0,0,0,1,1,0,20221110,20230610
828,0,0,0,0,0,0,0,20221110,20230610
829,0,0,0,0,1,1,0,20221110,20230610
83,0,0,0,0,0,0,0,20221110,20230610
830,0,0,0,0,0,1,1,20221110,20230610
831,0,0,0,0,0,0,1,20221110,20230610
832,1,1,1,1,1,0,0,20221110,20230610
833,0,0,0,0,0,0,0,20221110,20230610
834,0,0,0,0,0,0,0,20221110,20230610
835,1,1,1,1,1,0,0,20221110,20230610
836,0,0,0,0,0,1,0,20221110,20230610
837,0,0,0,0,0,0,0,20221110,20230610
838,0,0,0,0,0,0,0,20221110,20230610
839,1,1,1,1,1,1,0,20221110,20230610
840,0,0,0,0,0,0,1,20221110,20230610
841,0,0,0,0,0,0,0,20221110,20230610
842,0,0,0,0,0,0,0,20221110,20230610
843,1,1,1,1,1,1,1,20221110,20230610
844,1,1,1,1,1,1,1,20221110,20230610
845,0,0,0,0,0,0,0,20221110,20230610
846,0,0,0,0,0,0,0,20221110,20230610
847,0,0,0,0,0,0,0,20221110,20230610
848,0,0,0,0,0,0,0,20221110,20230610
849,0,0,0,0,0,0,0,20221110,20230610
85,0,0,0,0,0,0,0,20221110,20230610
850,0,0,0,0,1,1,0,20221110,20230610
851,0,0,0,0,0,0,0,20221110,20230610
852,0,0,0,0,0,0,0,20221110,20230610
853,1,1,1,1,0,0,1,20221110,20230610
854,0,0,0,0,0,0,0,20221110,20230610
855,0,0,0,0,0,0,0,20221110,20230610
856,0,0,0,0,1,1,0,20221110,20230610
857,0,0,0,0,0,0,0,20221110,20230610
858,0,0,0,0,0,0,0,20221110,20230610
859,0,0,0,0,0,0,0,20221110,20230610
860,1,1,1,1,1,1,1,20221110,20230610
861,0,0,0,0,0,0,0,20221110,20230610
862,1,1,1,1,1,1,1,20221110,20230610
863,0,0,0,0,1,1,0,20221110,20230610
864,0,0,0,0,0,0,0,20221110,20230610
865,0,0,0,0,0,0,0,20221110,20230610
866,0,0,0,0,0,0,0,20221110,20230610
867,0,0,0,0,0,0,0,20221110,20230610
868,0,0,0,0,0,0,0,20221110,20230610
869,0,0,0,0,0,0,0,20221110,20230610
870,0,0,0,0,0,1,0,20221110,20230610
871,0,0,0,0,0,0,0,20221110,20230610
872,1,1,1,1,1,1,0,20221110,20230610
873,1,1,1,1,1,0,0,20221110,20230610
874,0,0,0,0,0,0,0,20221110,20230610
875,1,1,1,1,1,1,1,20221110,20230610
876,0,0,0,0,0,0,0,20221110,20230610
877,0,0,0,0,0,0,0,20221110,20230610
878,0,0,0,0,0,0,0,20221110,20230610
879,0,0,0,0,0,0,0,20221110,20230610
880,1,1,1,1,1,1,0,20221110,20230610
881,0,0,0,0,0,0,1,20221110,20230610
882,0,0,0,0,0,0,0,20221110,20230610
883,0,0,0,0,0,0,0,20221110,20230610
884,1,1,1,1,1,1,0,20221110,20230610
885,0,0,0,0,0,0,0,20221110,20230610
886,1,1,1,1,1,1,1,20221110,20230610
887,0,0,0,0,0,0,0,20221110,20230610
888,0,0,0,0,0,0,0,20221110,20230610
889,0,0,0,0,0,0,0,20221110,20230610
89,0,0,0,0,0,0,0,20221110,20230610
890,1,1,1,1,0,0,1,20221110,20230610
891,0,0,0,0,0,0,0,20221110,20230610
892,0,0,0,0,0,0,0,20221110,20230610
893,0,0,0,0,1,1,0,20221110,20230610
894,0,0,0,0,0,0,0,20221110,20230610
895,0,0,0,0,1,1,0,20221110,20230610
896,1,1,1,1,1,1,0,20221110,20230610
897,0,0,0,0,0,0,0,20221110,20230610
898,0,0,0,0,0,0,0,20221110,20230610
899,0,0,0,0,0,0,0,20221110,20230610
9,0,0,0,0,0,0,0,20221110,20230610
900,0,0,0,0,0,0,0,20221110,20230610
901,0,0,0,0,0,0,0,20221110,20230610
902,0,0,0,0,0,0,0,20221110,20230610
903,0,0,0,0,0,0,1,20221110,20230610
904,0,0,0,0,0,1,1,20221110,20230610
905,0,0,0,0,0,0,0,20221110,20230610
906,0,0,0,0,0,0,0,20221110,20230610
907,0,0,0,0,0,0,0,20221110,20230610
908,1,1,1,1,1,1,1,20221110,20230610
909,1,1,1,1,0,0,1,20221110,20230610
910,1,1,1,1,0,0,1,20221110,20230610
911,0,0,0,0,0,0,0,20221110,20230610
912,0,0,0,0,0,0,0,20221110,20230610
913,1,1,1,1,1,1,1,20221110,20230610
914,1,1,1,1,1,1,1,20221110,20230610
915,0,0,0,0,1,1,0,20221110,20230610
916,1,1,1,1,0,0,1,20221110,20230610
917,0,0,0,0,1,1,0,20221110,20230610
918,1,1,1,1,0,0,1,20221110,20230610
919,1,1,1,1,1,1,1,20221110,20230610
92,0,0,0,0,0,0,0,20221110,20230610
920,0,0,0,0,0,0,0,20221110,20230610
921,1,1,1,1,1,1,1,20221110,20230610
922,0,0,0,0,0,0,0,20221110,20230610
923,0,0,0,0,0,0,0,20221110,20230610
924,0,0,0,0,1,1,0,20221110,20230610
925,0,0,0,0,0,0,0,20221110,20230610
926,1,1,1,1,0,0,1,20221110,20230610
927,1,1,1,1,0,0,1,20221110,20230610
928,1,1,1,1,1,1,1,20221110,20230610
929,1,1,1,1,1,1,1,20221110,20230610
930,0,0,0,0,0,0,0,20221110,20230610
931,0,0,0,0,0,0,0,20221110,20230610
932,0,0,0,0,0,0,0,20221110,20230610
933,1,1,1,1,1,0,0,20221110,20230610
934,0,0,0,0,0,0,0,20221110,20230610
935,1,1,1,1,1,1,0,20221110,20230610
936,0,0,0,0,0,1,0,20221110,20230610
937,1,1,1,1,1,0,0,20221110,20230610
938,1,1,1,1,1,1,1,20221110,20230610
939,0,0,0,0,0,0,1,20221110,20230610
940,1,1,1,1,1,1,0,20221110,20230610
941,1,1,1,1,1,1,1,20221110,20230610
942,0,0,0,0,0,0,0,20221110,20230610
943,1,1,1,1,1,1,1,20221110,20230610
944,0,0,0,0,0,0,0,20221110,20230610
945,1,1,1,1,1,1,1,20221110,20230610
946,0,0,0,0,0,0,0,20221110,20230610
947,1,1,1,1,1,1,1,20221110,20230610
948,1,1,1,1,1,1,1,20221110,20230610
949,1,1,1,1,0,0,1,20221110,20230610
950,0,0,0,0,1,1,0,20221110,20230610
951,1,1,1,1,1,1,1,20221110,20230610
952,1,1,1,1,0,0,1,20221110,20230610
953,0,0,0,0,1,1,0,20221110,20230610
954,0,0,0,0,1,1,0,20221110,20230610
955,1,1,1,1,0,0,1,20221110,20230610
956,1,1,1,1,0,0,1,20221110,20230610
957,0,0,0,0,0,1,1,20221110,20230610
958,0,0,0,0,0,1,1,20221110,20230610
959,0,0,0,0,0,0,1,20221110,20230610
96,0,0,0,0,0,0,0,20221110,20230610
960,0,0,0,0,0,0,0,20221110,20230610
961,1,1,1,1,1,1,0,20221110,20230610
962,0,0,0,0,0,0,0,20221110,20230610
963,0,0,0,0,0,0,0,20221110,20230610
964,0,0,0,0,0,0,1,20221110,20230610
965,0,0,0,0,0,0,0,20221110,20230610
966,0,0,0,0,0,0,0,20221110,20230610
967,0,0,0,0,0,0,0,20221110,20230610
968,0,0,0,0,0,0,0,20221110,20230610
969,0,0,0,0,1,1,0,20221110,20230610
97,0,0,0,0,0,0,0,20221110,20230610
970,0,0,0,0,0,0,0,20221110,20230610
971,0,0,0,0,0,0,0,20221110,20230610
972,1,1,1,0,0,0,1,20221110,20230610
973,0,0,0,0,0,0,0,20221110,20230610
974,0,0,0,0,0,0,0,20221110,20230610
975,0,0,0,0,0,0,0,20221110,20230610
976,0,0,0,0,0,0,0,20221110,20230610
977,0,0,0,0,0,0,0,20221110,20230610
978,0,0,0,0,0,0,0,20221110,20230610
979,0,0,0,0,0,0,0,20221110,20230610
980,0,0,0,0,0,0,0,20221110,20230610
981,0,0,0,0,0,0,0,20221110,20230610
99,0,0,0,0,0,0,0,20221110,20230610
